
 200969 150.383504 2.195833 150.38351062864857 2.1958185084689865 588449 
 201284 150.378554 2.196576 150.37856969105897 2.1965807799936936 588707 
 209654 150.411913 2.21838 150.41192843526062 2.2183837823475265 604015 
 211972 150.381812 2.223392 150.38183917098993 2.223372600903444 607345 
 212445 150.494152 2.225465 150.4941710899676 2.225455414245703 610343 
 217522 150.545986 2.237882 150.54601989867143 2.2378601814163916 617186 
 218407 150.478422 2.2418 150.47844402676066 2.241791184284137 620296 
 222189 150.452958 2.25004 150.45295652020832 2.2500395626131615 625533 
 222849 150.437107 2.252048 150.43717952722037 2.2520480285939124 627135 
 223033 150.511388 2.254214 150.5114146880308 2.2541946171764398 628892 
 223062 150.451979 2.25234 150.4519933465814 2.2523330445627843 627378 
 223872 150.374456 2.254336 150.3744695346326 2.2543313146313717 628624 
 224984 150.399047 2.256882 150.39906569269954 2.25686576434789 630141 
 226657 150.388002 2.261369 150.38804694763007 2.2613337981193142 633484 
 227527 150.51696 2.264155 150.51698549386893 2.2641343036318 635374 
 228325 150.395616 2.26506 150.39563023154395 2.2650487450318337 635634 
 228623 150.551328 2.266303 150.55134778965115 2.2662693925692117 636563 
 228945 150.519011 2.268122 150.51904331974512 2.2680962308243484 638310 
 229744 150.461683 2.268937 150.46169573725413 2.268924979387445 638303 
 232407 150.531912 2.276304 150.53193413679423 2.276277180939016 643570 
 233953 150.503262 2.280258 150.5032520275651 2.280247542144894 645833 
 239698 150.472107 2.296737 150.4721250443675 2.296723290267763 656918 
 243066 150.518295 2.306775 150.51832094579458 2.3068093159888514 664746 
 244066 150.481976 2.307941 150.4819949724677 2.3079228721399008 664225 
 244444 150.492569 2.307317 150.49258631770192 2.3073051642520865 663155 
 244485 150.407191 2.308308 150.4071976071774 2.308304977698042 664228 
 244648 150.389555 2.307693 150.38957483036634 2.307690902091925 663397 
 247124 150.524343 2.316338 150.52436649159498 2.316307622349857 669440 
 249300 150.516698 2.322038 150.51667329404245 2.3220027262750866 673831 
 249994 150.408881 2.323334 150.4089052563676 2.323337422008048 674831 
 250618 150.530589 2.323639 150.53061209049687 2.323616902889006 674224 
 250743 150.4708 2.324817 150.4708219535034 2.324811354099441 675484 
 252071 150.48766 2.328125 150.48768107965103 2.328113762570476 678064 
 252240 150.454627 2.328195 150.4546352230048 2.3281949124859103 677465 
 252408 150.560424 2.328569 150.56044309726582 2.3285416475062997 678384 
 254568 150.553752 2.334779 150.55377726204995 2.3347581030356173 682613 
 257931 150.397319 2.342491 150.39737259250117 2.342535280709293 688032 
 258023 150.552128 2.342491 150.55214680909674 2.342471371947608 687673 
 258328 150.393091 2.343628 150.39309791292652 2.3436448060686 689522 
 258750 150.549945 2.344148 150.54996636782982 2.3441248055871213 688774 
 259020 150.394684 2.344532 150.3947276460606 2.344542235062427 689224 
 259116 150.510326 2.34482 150.5103462212152 2.344821513476559 688948 
 259753 150.535666 2.347211 150.53568853118884 2.3472001236091664 690984 
 263990 150.544894 2.357116 150.5449017437269 2.3571046163632903 697415 
 264542 150.534844 2.358253 150.53486831019939 2.358252217070726 697865 
 264939 150.411559 2.3601 150.41154921235977 2.3601198647167836 699608 
 266610 150.448912 2.36694 150.4489078391027 2.366952656258338 705149 
 273704 150.471893 2.38372 150.4719000309901 2.383732624022297 715289 
 281248 150.550066 2.403087 150.55008244951546 2.403074528957819 730073 
 283502 150.497498 2.409277 150.49755428600403 2.409277216497066 732476 
 286042 150.381289 2.415243 150.38130764725014 2.4152855959027986 735995 
 290138 150.501867 2.42552 150.50188766186224 2.425487439195267 742213 
 290609 150.510626 2.426839 150.51064727078605 2.4268319406706573 742934 
